# Partie 1
# Joueur 0, Temps restant B : 487, N : 488, Nb de coup 2
0 1 1 1 2 1 3 1 4 1 2 1 1 1 0 1 
5 1 5 1 5 1 6 2 5 1 5 1 5 1 5 1 
6 2 6 2 6 2 6 2 6 2 6 2 6 2 6 2 
6 2 6 2 6 2 5 1 6 2 6 2 6 2 6 2 
6 2 6 2 6 2 6 2 6 2 6 2 6 2 6 2 
6 2 6 2 5 0 6 2 6 2 6 2 6 2 6 2 
5 0 5 0 6 2 5 0 5 0 5 0 5 0 5 0 
0 0 1 0 2 0 3 0 4 0 2 0 1 0 0 0 

# Partie 2
# Joueur 0, Temps restant B : 473, N : 482, Nb de coup 6
0 1 1 1 2 1 3 1 4 1 2 1 1 1 0 1 
5 1 5 1 5 1 5 1 6 2 5 1 5 1 6 2 
6 2 6 2 6 2 6 2 6 2 6 2 6 2 6 2 
6 2 6 2 6 2 6 2 5 1 6 2 6 2 5 1 
6 2 6 2 2 0 6 2 5 0 6 2 6 2 6 2 
6 2 6 2 6 2 6 2 6 2 3 0 6 2 6 2 
5 0 5 0 5 0 5 0 6 2 5 0 5 0 5 0 
0 0 1 0 2 0 6 2 4 0 6 2 1 0 0 0 

